   1   1  -0.63078
   2   2   0.12616
   2   7  -0.37847
   3   3   0.50463
   3   8  -0.15451
   3  11  -0.69099
   4   4   0.50463
   4   9   0.15451
   4  12  -0.69099
   5   5   0.12616
   5  10   0.37847
   6   6  -0.63078
   7   2  -0.37847
   7   7  -0.44155
   8   3  -0.15451
   8   8   0.44155
   8  11   0.56419
   9   4   0.15451
   9   9   0.44155
   9  12  -0.56419
  10   5   0.37847
  10  10  -0.44155
  11   3  -0.69099
  11   8   0.56419
  12   4  -0.69099
  12   9  -0.56419
  13  13  -0.94617
  14  14  -0.13517
  14  21  -0.33109
  15  15   0.40550
  15  22  -0.25646
  15  27  -0.63973
  16  16   0.67584
  16  23  -0.09365
  16  28  -0.85829
  17  17   0.67584
  17  24   0.09365
  17  29  -0.85829
  18  18   0.40550
  18  25   0.25646
  18  30  -0.63973
  19  19  -0.13517
  19  26   0.33109
  20  20  -0.94617
  21  14  -0.33109
  21  21  -0.81101
  22  15  -0.25646
  22  22   0.16220
  22  27   0.40460
  23  16  -0.09365
  23  23   0.64881
  23  28   0.16518
  23  31  -0.81759
  24  17   0.09365
  24  24   0.64881
  24  29  -0.16518
  24  32  -0.81759
  25  18   0.25646
  25  25   0.16220
  25  30  -0.40460
  26  19   0.33109
  26  26  -0.81101
  27  15  -0.63973
  27  22   0.40460
  27  27  -0.56770
  28  16  -0.85829
  28  23   0.16518
  28  28   0.56770
  28  31  -0.80286
  29  17  -0.85829
  29  24  -0.16518
  29  29   0.56770
  29  32   0.80286
  30  18  -0.63973
  30  25  -0.40460
  30  30  -0.56770
  31  23  -0.81759
  31  28  -0.80286
  32  24  -0.81759
  32  29   0.80286
  33  33  -0.63078
  34  34   0.12616
  34  39  -0.37847
  35  35   0.50463
  35  40  -0.15451
  35  43  -0.69099
  36  36   0.50463
  36  41   0.15451
  36  44  -0.69099
  37  37   0.12616
  37  42   0.37847
  38  38  -0.63078
  39  34  -0.37847
  39  39  -0.44155
  40  35  -0.15451
  40  40   0.44155
  40  43   0.56419
  41  36   0.15451
  41  41   0.44155
  41  44  -0.56419
  42  37   0.37847
  42  42  -0.44155
  43  35  -0.69099
  43  40   0.56419
  44  36  -0.69099
  44  41  -0.56419
  45  45  -0.94617
  46  46  -0.13517
  46  53  -0.33109
  47  47   0.40550
  47  54  -0.25646
  47  59  -0.63973
  48  48   0.67584
  48  55  -0.09365
  48  60  -0.85829
  49  49   0.67584
  49  56   0.09365
  49  61  -0.85829
  50  50   0.40550
  50  57   0.25646
  50  62  -0.63973
  51  51  -0.13517
  51  58   0.33109
  52  52  -0.94617
  53  46  -0.33109
  53  53  -0.81101
  54  47  -0.25646
  54  54   0.16220
  54  59   0.40460
  55  48  -0.09365
  55  55   0.64881
  55  60   0.16518
  55  63  -0.81759
  56  49   0.09365
  56  56   0.64881
  56  61  -0.16518
  56  64  -0.81759
  57  50   0.25646
  57  57   0.16220
  57  62  -0.40460
  58  51   0.33109
  58  58  -0.81101
  59  47  -0.63973
  59  54   0.40460
  59  59  -0.56770
  60  48  -0.85829
  60  55   0.16518
  60  60   0.56770
  60  63  -0.80286
  61  49  -0.85829
  61  56  -0.16518
  61  61   0.56770
  61  64   0.80286
  62  50  -0.63973
  62  57  -0.40460
  62  62  -0.56770
  63  55  -0.81759
  63  60  -0.80286
  64  56  -0.81759
  64  61   0.80286
