   1  14  -0.32574
   1  21   0.13298
   2  22  -0.18617
   2  27   0.12795
   3  16   0.23033
   3  23  -0.10638
   3  28  -0.10447
   3  31   0.18467
   4  17   0.23033
   4  24   0.10638
   4  29  -0.10447
   4  32  -0.18467
   5  25   0.18617
   5  30   0.12795
   6  19  -0.32574
   6  26  -0.13298
   7  15  -0.21026
   7  22  -0.23937
   7  27  -0.06397
   8  16  -0.09403
   8  23   0.19544
   8  28   0.19192
   9  17   0.09403
   9  24   0.19544
   9  29  -0.19192
  10  18   0.21026
  10  25  -0.23937
  10  30   0.06397
  11  16  -0.36045
  11  23   0.31216
  12  17  -0.36045
  12  24  -0.31216
  14   1  -0.32574
  15   7  -0.21026
  16   3   0.23033
  16   8  -0.09403
  16  11  -0.36045
  17   4   0.23033
  17   9   0.09403
  17  12  -0.36045
  18  10   0.21026
  19   6  -0.32574
  21   1   0.13298
  22   2  -0.18617
  22   7  -0.23937
  23   3  -0.10638
  23   8   0.19544
  23  11   0.31216
  24   4   0.10638
  24   9   0.19544
  24  12  -0.31216
  25   5   0.18617
  25  10  -0.23937
  26   6  -0.13298
  27   2   0.12795
  27   7  -0.06397
  28   3  -0.10447
  28   8   0.19192
  29   4  -0.10447
  29   9  -0.19192
  30   5   0.12795
  30  10   0.06397
  31   3   0.18467
  32   4  -0.18467
  33  46  -0.32574
  33  53   0.13298
  34  54  -0.18617
  34  59   0.12795
  35  48   0.23033
  35  55  -0.10638
  35  60  -0.10447
  35  63   0.18467
  36  49   0.23033
  36  56   0.10638
  36  61  -0.10447
  36  64  -0.18467
  37  57   0.18617
  37  62   0.12795
  38  51  -0.32574
  38  58  -0.13298
  39  47  -0.21026
  39  54  -0.23937
  39  59  -0.06397
  40  48  -0.09403
  40  55   0.19544
  40  60   0.19192
  41  49   0.09403
  41  56   0.19544
  41  61  -0.19192
  42  50   0.21026
  42  57  -0.23937
  42  62   0.06397
  43  48  -0.36045
  43  55   0.31216
  44  49  -0.36045
  44  56  -0.31216
  46  33  -0.32574
  47  39  -0.21026
  48  35   0.23033
  48  40  -0.09403
  48  43  -0.36045
  49  36   0.23033
  49  41   0.09403
  49  44  -0.36045
  50  42   0.21026
  51  38  -0.32574
  53  33   0.13298
  54  34  -0.18617
  54  39  -0.23937
  55  35  -0.10638
  55  40   0.19544
  55  43   0.31216
  56  36   0.10638
  56  41   0.19544
  56  44  -0.31216
  57  37   0.18617
  57  42  -0.23937
  58  38  -0.13298
  59  34   0.12795
  59  39  -0.06397
  60  35  -0.10447
  60  40   0.19192
  61  36  -0.10447
  61  41  -0.19192
  62  37   0.12795
  62  42   0.06397
  63  35   0.18467
  64  36  -0.18467
